,MSSubClass,MSZoning,LotFrontage,LotArea,Street,Alley,LotShape,LandContour,Utilities,LotConfig,LandSlope,Neighborhood,Condition1,Condition2,BldgType,HouseStyle,OverallQual,OverallCond,YearBuilt,YearRemodAdd,RoofStyle,RoofMatl,Exterior1st,Exterior2nd,MasVnrType,MasVnrArea,ExterQual,ExterCond,Foundation,BsmtQual,BsmtCond,BsmtExposure,BsmtFinType1,BsmtFinSF1,BsmtFinType2,BsmtFinSF2,BsmtUnfSF,TotalBsmtSF,Heating,HeatingQC,CentralAir,Electrical,1stFlrSF,2ndFlrSF,LowQualFinSF,GrLivArea,BsmtFullBath,BsmtHalfBath,FullBath,HalfBath,BedroomAbvGr,KitchenAbvGr,KitchenQual,TotRmsAbvGrd,Functional,Fireplaces,FireplaceQu,GarageType,GarageYrBlt,GarageFinish,GarageCars,GarageArea,GarageQual,GarageCond,PavedDrive,WoodDeckSF,OpenPorchSF,EnclosedPorch,3SsnPorch,ScreenPorch,PoolArea,PoolQC,Fence,MiscFeature,MiscVal,MoSold,YrSold,SaleType,SaleCondition,SalePrice
MSSubClass,1.0,0.03590006024553117,-0.3570558781207645,-0.13978108172014636,-0.02496859110269692,0.18453894774661228,0.11928918664799991,-0.0029396985462793353,-0.022843835600259096,0.07590993476269503,-0.025671507534940546,-0.005984947408664075,-0.024761769594588534,-0.04239476561305654,0.7460629359877883,0.39716099194281906,0.032627707521842186,-0.05931581708410461,0.027850136946706617,0.0405810447840647,-0.11781652581320114,-0.03133648057732797,-0.08915854786290454,-0.13722852284735626,-0.029850305237705346,0.022894690331058905,-0.017161452338088586,-0.003254002922776904,0.05812640841897881,-0.041064518370459005,-0.013651924722155062,-0.06422144378698569,0.016599108728602756,-0.06983574916710103,0.04119482840651165,-0.06564857918852456,-0.14075948083501214,-0.23851840931512,0.0480094698665642,0.020760130085614396,-0.10177449310467382,0.05194497591515259,-0.2517583518783804,0.30788572075985965,0.04647375589951825,0.07485317965779979,0.00349102577904494,-0.0023325345518021793,0.13160822241028183,0.17735438864391526,-0.02343802846062763,0.281721040264881,0.010129055299768087,0.04038006478367577,0.003711427574490426,-0.045569340274569284,0.03344332964766613,0.09071895756627868,0.08018726222407013,0.012300805149147115,-0.04010979313578374,-0.09867154319256446,0.0076301061450220154,0.0029270292252642064,-0.05992493906199165,-0.012579358249219704,-0.0061001212319422415,-0.012036621902094572,-0.04382454917560825,-0.026030176699806493,0.008282707579624323,-0.0016884569902316853,0.026310494375505023,-0.019705021676517314,-0.007683291329866207,-0.013584643238322446,-0.021407037851093803,0.012464234827283226,-0.02493957783277344,-0.08428413512659523
MSZoning,0.03590006024553117,1.0,-0.1063634717641174,-0.03445161350072723,0.08765385394779396,-0.3292778423625208,0.06188727366803487,-0.017854135771672955,-0.0011920336284104453,-0.009895037370365746,-0.02205503931073039,-0.2496792016487221,-0.027873815594704685,0.044606072432189656,0.005690470838559291,-0.10531478081540083,-0.1600991773969082,0.18695110169874074,-0.3089081606360638,-0.17472766140720167,-0.00030067281482476244,0.005132682228542435,-0.008558494208014859,0.006962587224453456,-0.028278517764956698,-0.06676603566698008,0.2005362446146602,-0.09604134366632752,-0.23517395727607798,0.12824545899985568,-0.010528081768103045,0.03720863313523204,0.024687660777384664,-0.049127762362665826,-0.031718284941894756,0.02808603420178162,-0.04674936546222983,-0.0878340371947234,0.056865877441810736,0.13427922201754564,-0.04952273675803139,-0.0708177279214589,-0.05561447196737453,-0.05148125208484323,0.011520433786272502,-0.0826153473081716,-0.01852557246937128,0.0071928735414262335,-0.1982903834674722,-0.13387642057940613,-0.01647135560772958,0.049433965146724754,0.12897600071856416,-0.04319994289574289,-0.09572210873898135,-0.01134916718030158,-0.009942691192532842,0.11600655134085992,-0.2646541826921354,0.16750084022495287,-0.1570421277277934,-0.1892504531465711,-0.15080204938384476,-0.08327179791153622,-0.10036578431166086,-0.00947657207552244,-0.15470402981782225,0.11550864629961428,0.0003624064068709433,0.019088712844129423,-0.003127668516623026,0.002263742730262127,-0.027981074424508298,-0.010701444263000605,0.009293180826068037,-0.03149577641551708,-0.020627570094265333,0.09743726516362824,0.009493514076047779,-0.16687220265320576
LotFrontage,-0.3570558781207645,-0.1063634717641174,1.0,0.3067946047596184,-0.03732277010723475,-0.17172726946651268,-0.14493091472167388,-0.07564653221649505,5.171411299121528e-18,-0.18125349718212355,0.06760809807031003,0.08454536184509161,-0.008483196486613765,0.0032137233617726586,-0.4085641230634654,0.03190694816120189,0.23419623062726838,-0.05282010009765662,0.11759797893839696,0.08274588512381952,0.15346678366405403,0.08202638566707963,0.07444763718143127,0.09875615463879309,-0.02021987561159413,0.17928345178670282,-0.18329346463189647,0.0479514165797105,0.09880877719674637,-0.16836745214175908,0.05153420158295858,-0.12412696323686243,-0.025232930592937214,0.21582843513694683,-0.026775373136276898,0.04333956645431586,0.12215560013433009,0.3633577227698083,-0.02081549031540138,-0.07997546682241022,0.06866559722179733,0.06021290666157802,0.41426639436890045,0.07248266577057502,0.03684872075482817,0.3683919657516097,0.0914809919224247,-0.006419219702100466,0.18042420550928703,0.048258361997831345,0.23702322672724258,-0.005804606910082669,-0.1890822105646177,0.3201464171007602,0.030249500941121717,0.23575456511497533,0.059456148732153886,-0.21779273227123613,0.06432418658987774,-0.21205560770893195,0.26972892513550323,0.323662898725151,0.05110776712762952,0.04316346717697984,0.08907320737900302,0.07710622093160245,0.13745449594308465,0.009790060535368614,0.06233547131161195,0.03768430454447573,0.18086764703385405,-0.1526922786291205,-0.03585255182569904,0.007191692823013707,0.0011682748830300282,0.010157806672941541,0.006768250403974764,-0.030846421102307127,0.058463850947208774,0.33490085154055077
LotArea,-0.13978108172014636,-0.03445161350072723,0.3067946047596184,1.0,-0.19713093862382428,-0.07774663491344695,-0.1653149387285022,-0.14908307216706568,0.010123183947136216,-0.12116100106159719,0.4368680115333468,0.04456936372721065,0.023846174161306802,0.02216414268256526,-0.20572107744967924,-0.03318964641357708,0.10580574175496442,-0.005636270274099174,0.014227651757024678,0.013788427078154822,0.07705426705416418,0.14983695048883497,0.004255677932039563,-0.0039295417860828194,-0.008122288516374178,0.10396022722614817,-0.05727459087315355,0.015159628305563947,-0.011081341894256509,-0.0651499323234594,0.012365719607709701,-0.14104317498595578,-0.061880296620002086,0.21410313070557835,-0.06895434288342961,0.11116974549624932,-0.0026183599500954335,0.26083313454515794,0.02815822844468729,0.004212445857546212,0.049754938245083244,0.043855795984895286,0.29947457850776354,0.05098594829349351,0.004778969866349652,0.26311616716714836,0.1581545310600175,0.048045570888297716,0.1260306265196434,0.014259468566431727,0.11968990815131679,-0.017783870504841866,-0.05701828877257029,0.19001477762540772,-0.022316618753514282,0.2713640096245405,0.06915411065953458,-0.11679873463658286,-0.024812053097112978,-0.11632580812804233,0.15487073975354074,0.18040275515111656,0.01755080510293681,0.028106010456221634,0.015133906555050787,0.17169768725711357,0.08477380884021646,-0.018339733672212276,0.020422829586133177,0.043160377695251814,0.07767239188017415,-0.038047914164076435,0.005195755297280633,-0.009332779729530836,0.03806769201918441,0.0012049882225877388,-0.014261407298531923,0.012292406489298434,0.03416908532369778,0.2638433538714063
Street,-0.02496859110269692,0.08765385394779396,-0.03732277010723475,-0.19713093862382428,1.0,0.010919283769821639,-0.010223990869951209,0.11599517234685978,0.0016817668047428688,0.013960298589364067,-0.1793595212824842,-0.011561402390080243,-0.0716574549462113,0.0020389372292065485,-0.01824303509165913,0.02370366244685528,0.058823186670459576,0.04284839868147324,0.021136760051271013,0.0654648242956895,-0.019731610028708067,0.008080966014661694,0.0025051200009042576,0.006165918824980209,0.010007371535136774,0.017325917793689125,0.04997577120621007,0.005874068796414346,0.03527719169648597,-0.028731281818376433,-0.01805400753319353,0.07248834357860783,-0.01318183751512566,-0.015642721830988443,0.061285462664611455,-0.03848673566204969,0.03522875328125953,0.005067534070866097,0.007904256932950394,-0.05399497343302629,0.06986857817990932,0.021323782847555657,0.005949724112527029,0.046982588488408465,0.007724112942135173,0.0441213357478994,-0.05052427595120475,0.015485329123944784,0.04647060169887045,0.027627975457163566,0.02886497047294482,0.01358339927684015,-0.025307462810978797,0.04682843005227299,-0.01644354287291782,-0.0053481173668547466,0.0038299232463306046,0.0015172610423984329,0.024786306981089832,-0.008276864511319836,-0.020024632745867806,-0.04779429321486624,-0.013852701700314867,-0.01194952536805088,0.024521473258156717,-0.017989759827088808,-0.005663817901614765,0.023082387938633417,0.007473427342069127,-0.03316005743064555,0.004412634813424021,-0.0031937751481973353,-0.01608277778461175,-0.002536465409719911,-0.022733016141011978,0.003690033919797353,-0.025043235205040565,0.01433949744888533,0.006063866090231844,0.04103553550004989
Alley,0.18453894774661228,-0.3292778423625208,-0.17172726946651268,-0.07774663491344695,0.010919283769821639,1.0,0.05403227842205523,-0.046141690942715814,-0.004450133961766847,0.03121707253142256,-0.008339863382048207,0.1432336230764991,-0.006168465075729402,-0.005395244919815383,0.18613833409814057,0.020456321136703755,0.03876847024837861,-0.02082984799463534,-0.016612348178684858,0.07342339728786101,-0.03387998476620404,-0.021383096160721364,0.008286461860432538,0.009454363853497207,0.03878442440506876,0.02709275079498737,-0.042601414840515224,0.010903548361212862,0.044438129295215366,-0.0023296409187762318,-0.03505609821147783,0.07411735501399513,0.07588222873527657,-0.07831103412142365,0.05223777024966835,-0.04906553651335204,0.04311060448070144,-0.05603665356088873,0.0352955164680563,-0.06216123180492615,-0.05601077607089263,-0.011715878986397386,-0.08513390611479738,0.07996036788277504,0.06144430039001527,0.00947868180783177,-0.05945523039339304,-0.04097582902056355,0.04390482227047416,0.03547909902841239,-0.033166968009724934,0.0017017546156775454,-0.01962724929641808,-0.05927328048307078,0.005410649494755239,-0.08449152455367893,-0.05006186116064314,0.15662695737660992,0.013353802444369888,0.04403852881367704,-0.002508724841846125,-0.01829554241667046,0.001754617239403753,-0.017335517654697263,-0.08437333075452501,-0.09542874563927475,0.07492186270822215,0.08175845927948182,-0.019775484170543294,-0.014838993057777404,-0.011676301368723312,0.008451068966968381,-0.004506463034983064,0.006711757439145318,-0.014905273927919979,-0.021780380092427543,-0.0013924019010170495,-0.005433795059096096,-0.028603462576871328,-0.027655379955633733
LotShape,0.11928918664799991,0.06188727366803487,-0.14493091472167388,-0.1653149387285022,-0.010223990869951209,0.05403227842205523,1.0,0.08543448877306391,-0.03610067967666808,0.22110178990664192,-0.09995091816842201,-0.03889398688911,-0.11500326003324225,-0.04376767313091703,0.11626224750000612,-0.1040263236717091,-0.19049749651444303,0.013693423071203685,-0.2260615877165117,-0.1538251012358617,0.0031822371641502018,-0.07117442066860197,-0.020462964009440303,-0.027951030958702966,0.007946347287724545,-0.10558610588671444,0.1488178987508599,-0.029497433844806912,-0.13512396070511137,0.16120849154233213,-0.012226031894460658,0.14050644896231163,0.09061501996281769,-0.13403298320051016,0.02634905274035378,-0.03973836917861186,-0.021666115601457436,-0.17578152987936166,0.07589350074401194,0.09624843320211707,-0.11525587604064005,-0.09701710315579984,-0.17261309955632845,-0.06020453006010657,0.020626192546967872,-0.17509347811404516,-0.07617805510792072,-0.02682429323647463,-0.15938958830506647,-0.11107173001114744,-0.0502139708479604,0.09252041625175167,0.12218170152733558,-0.11925042119767561,-0.029321477595554098,-0.19428503007990003,-0.12507711077923925,0.16845087948715573,-0.18566691666168506,0.23139214346642684,-0.18390565471153084,-0.16063888044764632,-0.0931267629527287,-0.06788241865829288,-0.11369766688770927,-0.16694565471298017,-0.07541155549779743,0.07821316281724479,-0.036459333038699256,-0.05305432024800275,-0.02005077608467231,0.015616375070711931,-0.019056714707261422,0.0208114146566107,-0.04206133516050848,-0.03345460529409925,0.036448621936500857,-0.0009109370290806698,-0.038118472422193975,-0.2555798704871257
LandContour,-0.0029396985462793353,-0.017854135771672955,-0.07564653221649505,-0.14908307216706568,0.11599517234685978,-0.046141690942715814,0.08543448877306391,1.0,0.008238030043629442,-0.025527353642065473,-0.37426717404096616,0.019116365689195156,0.02480096006079445,-0.016185045420868353,0.051142773017362156,0.07523376458850027,0.028907307868038815,-0.045270711199393895,0.161622387559156,0.09337417566538331,-0.0042464495233401345,-0.02022941747345671,-0.011808541829089594,-0.034081842094354046,-0.07606590014446225,0.049307903509275275,-0.0036132609006953834,0.009803776936517423,0.05347782745157889,-0.00331111552232055,0.023160102886712764,0.04456158440575744,-0.07344293821624392,-0.018096902707501344,-0.03075460349366157,0.00859468267955919,0.020694219704710866,0.005189399150152843,0.015745902334466825,-0.0662762510668388,0.10540979926621087,0.08264971727346253,-0.0421032005940415,-0.03424483032362876,-0.09835213224854146,-0.0685232183192383,0.0097734641654154,0.019060728898215706,0.0503633144106472,0.02972707194247076,-0.04085055644683029,-0.03895902368220186,0.030813292304902595,-0.05345767987945518,0.03611271394468046,-0.05223877052360776,0.027726446078175458,-0.07667928561794021,0.1194917788781177,-0.08428787202983082,0.045769143565625135,0.0476264335642657,0.008759111570246678,0.004346003154167279,0.14092084814752115,-0.0028786783139863265,0.04067617566220739,-0.058742401598760895,-0.02140370593627455,0.0038356217802391675,-0.013098459268621535,-0.01564450882800568,-0.03481698506788665,-0.012424717975743793,0.020911978348867325,-0.011598518970433805,0.020506920981377623,-0.025753539765389327,0.033809228559042497,0.01545324166096035
Utilities,-0.022843835600259096,-0.0011920336284104453,5.171411299121528e-18,0.010123183947136216,0.0016817668047428688,-0.004450133961766847,-0.03610067967666808,0.008238030043629442,1.0,-0.03258930338781296,-0.0059092852514260824,0.04680906537772944,-0.0009500549687377928,-0.0008309651073158961,-0.01077813225518655,0.054283348983428,-0.0018806812153169133,0.009994086674849264,-0.011504602518426084,-0.03407977474666146,-0.012867962201873055,-0.003293382795409758,-0.02968628920446592,-0.03210038395816404,-0.03250134636640898,0.06342665188082364,0.017369267048208348,0.009535010956844604,-0.01437715441356797,0.021807252230658415,0.0073578774728342775,0.01646501483572435,-0.011255333683231648,-0.019100159588078928,-0.020259300587336673,0.04991261746296725,-0.012638604464522751,-0.01423338285547437,-0.003221365335066071,0.006950207094343276,0.006906656085580773,-0.09172766616411752,0.012287014946219761,-0.020817503278654628,-0.0031479479838519104,-0.008545486953987913,-0.021466801131126124,0.10338047426968897,-0.026861916813298164,-0.019939353698625706,0.004287764053488694,-0.005535889323177795,-0.010717350958736658,0.007769310469619871,0.006701535570747076,0.015721055535554248,-0.01125824882334111,-0.0030985798287967506,-0.022381662805132492,-0.00737984128418512,0.008161002143801624,0.0063719565388315885,0.005645643029185795,0.004870007025032547,0.007585565248940266,-0.01969208639692081,0.028198576073717042,-0.009407184633142666,-0.0030457815298889045,0.10236548266806442,-0.0017983611799122527,0.0013016171713130583,0.006554506424373251,0.0010337317996842374,-0.002295681240270985,-0.05155165962407261,0.023352538265803868,-0.12676973240193212,-0.08970067592176785,-0.014314296147248952
LotConfig,0.07590993476269503,-0.009895037370365746,-0.18125349718212355,-0.12116100106159719,0.013960298589364067,0.03121707253142256,0.22110178990664192,-0.025527353642065473,-0.03258930338781296,1.0,-0.00725611791092592,-0.036597332843576455,0.02145658375491633,0.03386810673971225,0.10722948819591692,-0.03294548610213437,-0.03108628926871477,-0.030787850486789965,0.01362880498046139,-0.00516079283275388,-0.010364092879100563,-0.06846480716750919,0.023316326499071914,0.005546111486137013,0.0018255462744220232,-0.03146203201756114,-0.002502970856610219,0.034897751977709224,-0.011755333705625481,0.022063328027778127,0.03382252361774111,0.015969264062527317,0.018823628106124757,-0.023803899419402745,-0.0023013827950649286,-0.01035681154674184,-0.011410848176152254,-0.04004907656323076,-2.3527633322143684e-05,-0.01021661703751928,-0.003728844181442639,-0.025353365480090536,-0.06241421635923678,-0.05155634656851524,-0.004992089587387431,-0.08920811187021134,-0.012950616415652951,-0.009926883382203783,-0.0075306955894888635,-0.025803818167132626,-0.05657366294211836,-0.002500047845557345,-0.010437019398838968,-0.04924607681314484,-0.02111908295049514,-0.061043428054140696,-0.0398067169596187,0.011561661840348373,-0.0024478209988648444,0.024763570153629618,-0.0669673876401683,-0.06402327213312156,0.023166617248719226,0.03128468037133303,-0.045058394325900565,-0.035634569604096215,-0.05461367802720945,-0.07042897844615963,-0.030479382474964536,-0.004656819931180169,-0.04679776615188033,0.05167215718177239,0.06719106013141504,0.005335323342568478,-0.018427482677354667,0.018902253295266652,-0.005992402890132846,0.014324649239053416,0.05157901887367035,-0.06739602315941719
LandSlope,-0.025671507534940546,-0.02205503931073039,0.06760809807031003,0.4368680115333468,-0.1793595212824842,-0.008339863382048207,-0.09995091816842201,-0.37426717404096616,-0.0059092852514260824,-0.00725611791092592,1.0,-0.080404632266454,-0.01676169084553587,-0.02632154153705868,-0.053582357759126925,-0.03179333835058278,-0.06644962996136936,0.010354519973040452,-0.0736391667740417,-0.0591045007532931,-0.027739319316104006,0.17867755039452607,-0.04566030015869106,-0.03287828253712962,0.03485155588822649,-0.021812308682626298,0.021040465401177218,0.0008337097834339549,-0.027781542185251903,0.01006704154382461,0.002446412770815304,-0.16534735115509241,-0.06328197629232095,0.11383419449908874,-0.06471892392701539,0.08551838469623721,-0.11645649366815813,0.03249800113691352,0.00585644296991176,0.03567353230936663,-0.010848598538158886,-0.014348524101996846,0.06832290500497296,-0.0092554110228488,0.013887806746739093,0.04386046727989274,0.11616452778425213,0.07029914156002247,-0.04693576082981187,0.0007806567216966263,-0.04819640284383372,-0.03646740063092784,-0.0027350236655873106,-0.03376816087014474,-0.10685147081079784,0.12399473838394692,0.060043589790557676,-0.0013365156548326561,-0.07228510602891682,0.025007594550900757,-0.0026834619178456383,0.004825527658675832,0.01526574012576878,-0.016590371666293225,-0.024537858827341632,0.09515593665922818,-0.03262158787632674,-0.008842974418766275,0.008694244539221668,0.05297604299300294,-0.015504835598703344,0.011222084016873411,0.04524785608138226,0.008912470857516234,-0.003518409630202125,0.007071686658055751,-0.002304632415714145,0.05485848195538189,-0.04309480090877797,0.05115224817946586
Neighborhood,-0.005984947408664075,-0.2496792016487221,0.08454536184509161,0.04456936372721065,-0.011561402390080243,0.1432336230764991,-0.03889398688911,0.019116365689195156,0.04680906537772944,-0.036597332843576455,-0.080404632266454,1.0,-0.02540068448644366,0.02243178614874897,0.005993467107512632,0.04859451146913673,0.19659302271254583,-0.033609099767786664,0.10128892709866422,0.10267140169889057,0.10993667639409174,-0.007352564863102177,-0.07371758690098566,-0.08922164032850952,0.08186509671372547,0.119449685397569,-0.15159450024360643,0.03391778383251164,0.06649356720662918,-0.15936337402954076,0.024533550234161112,0.04711998177280083,-0.04092539757276169,0.11278116668956881,-0.03063259511193582,0.041012091040621174,0.015318651495429776,0.14776233110052786,-0.015958200680578353,-0.0380390448440997,0.049371164421612976,0.08029302490429736,0.16471713890787026,0.028910538705659013,0.03317245664996548,0.14826594466247875,0.06323368729336044,-0.028219572229047467,0.13790926505142062,0.057675625781585166,0.043033163231806455,0.06409231268740201,-0.12873371967166192,0.10657991553396648,0.03769400039889671,0.057462007030273536,-0.02734994681842258,-0.050994780351658754,0.10918332094792615,-0.06724030998660728,0.19406303555361024,0.2135782484289965,-0.02109950648632797,0.010020368199027234,0.04034495256468552,0.05937039880833447,0.14469104706300187,0.028802800010866134,-0.024197352654962794,0.013696616721361406,-0.010437836967501016,-0.01170477144702584,0.017711284674219195,-0.01017156375392992,0.00089536395427301,0.023221591929241215,0.036696759921675426,-0.03695616725075065,0.021866675403112584,0.21085146582230405
Condition1,-0.024761769594588534,-0.027873815594704685,-0.008483196486613765,0.023846174161306802,-0.0716574549462113,-0.006168465075729402,-0.11500326003324225,0.02480096006079445,-0.0009500549687377928,0.02145658375491633,-0.01676169084553587,-0.02540068448644366,1.0,-0.07426772633586495,-0.02350146465219934,0.09671421934957873,0.10010455234404947,-0.032242956994590996,0.15830575412765796,0.13662171710049395,0.002955732011452368,0.009924037719269226,0.013145684427688114,0.0036493190357302164,0.002483186799557961,0.02230437767119657,-0.07485450674087285,0.07684101377551082,0.07402032989758103,-0.11217620758718841,0.006561822967224508,-0.02500664035432235,-0.03750409013170864,0.030981132517362443,-0.03490537122248812,0.028699695386710636,0.014671693954211784,0.05754018634363371,-0.023183307546267837,-0.07565544688801312,0.012772001895649825,0.080034173369286,0.048172324500716936,0.017420764173696757,-0.051642145051801175,0.04513296675861707,0.02651416572245867,-0.058328333805152,0.09598454237739125,0.06024071053355897,0.013682407397481357,-0.07572393457358473,-0.050028412020390385,0.052524163416159224,-0.01487728744154526,0.005877565340789832,0.016830293388839658,-0.0433078608297889,0.14160777898529855,-0.1375711961720949,0.10424014869119275,0.07520849309910398,0.07158027992296252,0.02227610520844634,0.10586419823646177,0.04533771979207531,0.0858607175009274,-0.07921305194947852,0.07061021044960802,0.011042524081633845,0.008742481960160753,0.001804210869200605,0.010876471802105532,0.05600718661668958,-0.01145355627843332,-0.009868314397198378,-0.009819075885990219,-0.0023381699131982125,0.05774692140079294,0.09115491154092925
Condition2,-0.04239476561305654,0.044606072432189656,0.0032137233617726586,0.02216414268256526,0.0020389372292065485,-0.005395244919815383,-0.04376767313091703,-0.016185045420868353,-0.0008309651073158961,0.03386810673971225,-0.02632154153705868,0.02243178614874897,-0.07426772633586495,1.0,0.00901392842929044,-0.02693996262373159,0.014938564603797364,0.014494333924181601,0.028803348664997664,0.007511615537619171,0.041437277481956324,-0.003992825148321366,-0.005375074122637516,-0.01575098130511449,-0.004944666845720304,0.037670283483703645,-0.028505757094887577,-0.02098042956611361,-0.006442378349671113,0.008074977910792215,0.03330999198578405,0.003693096489083823,0.01371278479874557,0.013228668632858036,-0.013123201405428261,0.05411625892679216,0.016863077726315342,0.050637185413813,-0.003905512757189697,-0.017431812203327228,-0.023798307384550903,0.01966561035740051,0.03998776108237703,-0.0002722102731561802,-0.04022155126978934,0.025470512774284394,-0.0005308552961492602,-0.007651339139892135,0.020263786319542794,0.02317939726872139,-0.014262252780276924,0.029313860397662796,-0.03849144251422985,0.020814426221881073,0.008124794905876953,-0.013774827464283206,-0.007770814351094094,0.05036877177782977,-0.005908381444804614,-0.008947157892238542,0.024056535399012893,0.05539539185134611,-0.02432841340344552,0.0527535460268889,-0.006787946826680485,0.011633111188106381,0.03450681502616149,0.01309781386671661,-0.0036926387985577644,-0.008576482506071653,-0.0021802936952625917,0.0015780521421163308,0.03196713706118096,-0.18172469904257105,0.1268137402376029,0.004048698202311237,-0.02149471227034686,0.0048480011667991355,0.04507426667841304,0.007512734036333074
BldgType,0.7460629359877883,0.005690470838559291,-0.4085641230634654,-0.20572107744967924,-0.01824303509165913,0.18613833409814057,0.11626224750000612,0.051142773017362156,-0.01077813225518655,0.10722948819591692,-0.053582357759126925,0.005993467107512632,-0.02350146465219934,0.00901392842929044,1.0,0.06655185885840946,0.04983433929116338,-0.16203952412065367,0.21758437155079022,0.10485534709673343,-0.0543885687599105,-0.038423561575983166,-0.1121119622294755,-0.14274840749630738,-0.02875122801302966,0.04320537051454838,-0.08786172899507014,0.08506713301083765,0.1428921372525687,-0.10830847366353265,0.03222448317857243,-0.04655279215914959,-0.0462567422981273,0.0069995822369988536,0.02451619264080404,-0.01737569500231148,-0.05055610695162115,-0.050032698975098024,0.005548897428925709,-0.010396088139571583,0.01819680525423474,0.07389756052090249,-0.0736880221953248,-0.0842119208158819,-0.030339298213585487,-0.1269751948321254,0.05153571676132107,-0.003413105598089346,0.07075749280524249,-0.007587951216334065,-0.2775430111844935,0.18292612961173524,-0.02453061041360432,-0.19841336911299884,0.009629772521145372,-0.08994173755370759,-0.04360702115305947,-0.011023919814730459,0.1961859330732077,-0.05263952818727806,0.007402281136718661,-0.061421040860048674,0.06760000208098942,0.061953351721302265,0.05939016993252539,-0.013074794127876191,-0.037159887590571955,-0.11472649697747485,-0.02284464146157806,-0.02804567573371987,-0.02827975999930204,0.020468313944311253,0.057635418101572286,-0.016707285722668656,-0.009583172766184159,-0.025764379821536797,0.0020059232662203537,-0.04030559761737846,-0.0035303386575676592,-0.08559060818352893
HouseStyle,0.39716099194281906,-0.10531478081540083,0.03190694816120189,-0.03318964641357708,0.02370366244685528,0.020456321136703755,-0.1040263236717091,0.07523376458850027,0.054283348983428,-0.03294548610213437,-0.03179333835058278,0.04859451146913673,0.09671421934957873,-0.02693996262373159,0.06655185885840946,1.0,0.21843982167271822,-0.03132924031024234,0.2704942103329694,0.20997345131365885,-0.03262887628926835,0.04535815025758303,-0.03644519749853169,-0.07100269761245874,-0.13350595549608757,0.1694430427063605,-0.09260969956657154,0.06758449387177422,0.18605053726079798,-0.14712647181484376,0.01610947665599377,-0.19495093013303752,-0.051173967773166414,0.01083062847185917,0.006169328876767595,-0.027666231120301542,-0.14335032932073766,-0.1432967355743416,-0.07537590329987952,-0.06991551093726105,0.07506011277473906,0.17218866929887897,-0.172351462678314,0.4765425404557816,-0.08319413007379933,0.26138036182705904,0.037442756928107154,0.041722357659592355,0.237818692640699,0.414705194863864,0.1848364173410547,-0.004244915669441704,-0.08338060914492283,0.24577775515015343,0.05199305973932332,0.10216941153933264,0.1770000233054392,-0.08877354497139889,0.20648060436641272,-0.21680101086189799,0.19676074453239645,0.15548106334269776,0.052613636231283976,0.005850817538494735,0.11558030564959704,0.08759841555544846,0.13645199183392262,-0.06517637006351565,-0.02693365170246374,-0.025323468612800194,0.07663013945386772,-0.038033940731387855,-0.05927056472901359,0.03799128898622015,-0.0409034912953107,0.025728147830980153,-0.01800509686426974,0.048581944662180146,0.022753438729247105,0.18016262334399255
OverallQual,0.032627707521842186,-0.1600991773969082,0.23419623062726838,0.10580574175496442,0.058823186670459576,0.03876847024837861,-0.19049749651444303,0.028907307868038815,-0.0018806812153169133,-0.03108628926871477,-0.06644962996136936,0.19659302271254583,0.10010455234404947,0.014938564603797364,0.04983433929116338,0.21843982167271822,1.0,-0.09193234263907184,0.572322768962362,0.550683924194174,0.1676766283789508,0.07450935114801034,0.16140584836204233,0.1523963131645106,0.004406962507855418,0.41023773565332117,-0.6343191033439002,0.1385810317911505,0.3961859944605258,-0.6005612227500644,0.04912149963531264,-0.24430424954112823,0.011459570231676468,0.23966596617889305,0.08153106052786202,-0.05911869267069023,0.30815892690564345,0.5378084986123927,-0.11295362877664977,-0.42594378006501776,0.2720384241063776,0.25412734631511685,0.4762238290781775,0.29549287919971035,-0.03042928397960494,0.5930074300286511,0.11109778614230408,-0.04015015766998875,0.5505997093682552,0.27345809864277076,0.10167635624178653,-0.18388223454922223,-0.5553484748961331,0.42745234327798615,0.16104694606727146,0.39676503795208756,0.06434930914640148,-0.29799489345053154,0.5180182112019911,-0.5385286074695355,0.6006707165907189,0.5620217566126064,0.09056171730869345,0.1449882490176163,0.2293929894619448,0.23892339224919107,0.30881882335945265,-0.11393685859568092,0.03037056713526411,0.06488636049351724,0.06516584360589141,-0.0743452019736129,0.017985001240560565,0.037108866041714,-0.03140621050074753,0.07081517178517302,-0.02734670832780769,-0.06047195407267832,0.1937025526990625,0.7909816005838047
OverallCond,-0.05931581708410461,0.18695110169874074,-0.05282010009765662,-0.005636270274099174,0.04284839868147324,-0.02082984799463534,0.013693423071203685,-0.045270711199393895,0.009994086674849264,-0.030787850486789965,0.010354519973040452,-0.033609099767786664,-0.032242956994590996,0.014494333924181601,-0.16203952412065367,-0.03132924031024234,-0.09193234263907184,1.0,-0.37598319560698873,0.07374149814528969,-0.010054089444800922,0.027461284550682044,-0.041164725622270554,-0.02807223938322544,0.009669756910686302,-0.12778811850706268,0.16918558175397727,-0.2274067223179885,-0.29425795207516103,0.23346096240374498,0.0005832980351727549,0.07532639823534094,-0.08727288886015414,-0.046230855918224914,-0.09468206501818857,0.04022916989976808,-0.1368405698935219,-0.17109751462492115,-0.09077046298738811,0.05232575414073404,0.11896942542421683,0.06266392563052989,-0.1442027840490588,0.028942115965816365,0.025494319914214247,-0.07968586538833754,-0.054941515432952504,0.117820915081395,-0.19414948874930252,-0.06076932676159386,0.012980060094550657,-0.08700085543637874,0.06798352538473505,-0.05758316611286472,0.09404004263492327,-0.02381997776166174,-0.03288837933832012,0.16312628631814136,-0.3061687647781508,0.191063300603675,-0.1857575105783602,-0.1515213705702289,-0.0947610015979194,-0.03223565035301109,-0.06223608739211569,-0.00333369928938553,-0.03258881352158479,0.07035618448230385,0.025503660024131836,0.05481052878611371,-0.0019849422681843475,0.03316286855572701,-0.07600320840337776,-0.036370241413992366,0.06877680605724883,-0.0035108385999397577,0.043949745692480675,0.09526717199539905,0.01775828966535191,-0.0778558940486776
YearBuilt,0.027850136946706617,-0.3089081606360638,0.11759797893839696,0.014227651757024678,0.021136760051271013,-0.016612348178684858,-0.2260615877165117,0.161622387559156,-0.011504602518426084,0.01362880498046139,-0.0736391667740417,0.10128892709866422,0.15830575412765796,0.028803348664997664,0.21758437155079022,0.2704942103329694,0.572322768962362,-0.37598319560698873,1.0,0.5928549763436497,0.04893547350282022,-0.020963443925011673,0.09725311326824848,0.07571625612021092,-0.05981356465004518,0.3147450229234892,-0.4942199892813131,0.2694498734532023,0.6348419432638346,-0.5368486125344182,0.14992996904097125,-0.30258636182469684,-0.14132741062994328,0.24950319668479937,0.05597295611278176,-0.049106831196239806,0.14904039195440044,0.39145200206609476,-0.1723341139782369,-0.39866836882070006,0.38183075179950254,0.3384499498952785,0.28198585869980175,0.01030765958436373,-0.18378434437372668,0.1990097136764581,0.1875985499971459,-0.038161805671233694,0.4682707871726734,0.24265591024106203,-0.07065121690473095,-0.1748002456149784,-0.3591345884192879,0.0955891282979514,0.15436794250790553,0.1477163994124546,0.10082686731222167,-0.44324056092276665,0.7805549935309567,-0.5900442489608528,0.5378500917111045,0.4789538198934912,0.3038394015062589,0.24657550445156495,0.42756064098546726,0.22488014230399725,0.18868584000173075,-0.38726778292807656,0.03135451306436335,-0.05036443453861163,0.00494972761594348,0.013065594763757753,0.08648142417659728,0.021274758806988186,-0.03438313873672352,0.012398470595442182,-0.013617680001842058,-0.05242478897684048,0.20104426275036502,0.5228973328794967
YearRemodAdd,0.0405810447840647,-0.17472766140720167,0.08274588512381952,0.013788427078154822,0.0654648242956895,0.07342339728786101,-0.1538251012358617,0.09337417566538331,-0.03407977474666146,-0.00516079283275388,-0.0591045007532931,0.10267140169889057,0.13662171710049395,0.007511615537619171,0.10485534709673343,0.20997345131365885,0.550683924194174,0.07374149814528969,0.5928549763436497,1.0,0.02772850217783243,-0.03326000343720831,0.23973969268821696,0.2163718637213138,0.06055341525610587,0.17918649495574776,-0.4824956116864378,0.07597694850201082,0.4386427423280186,-0.4692731759226934,0.01954204865320783,-0.21547723462539836,-0.02388821520895642,0.12845054712828968,0.07134119181158208,-0.06775851356598678,0.18113308705016823,0.29106558260416654,-0.15747420813535015,-0.49566421695849394,0.29887802174153794,0.3445143029320732,0.24037926760355563,0.14002377880486408,-0.0624191000783343,0.28738851965033274,0.1194698791112425,-0.01233703212779989,0.43904648387234635,0.18333061171853401,-0.04058092806774957,-0.14959752104274765,-0.45243107600323645,0.1917398162928071,0.07990340732974936,0.11258131843947493,0.01205377158262682,-0.27176354447329415,0.6181298421366537,-0.4567862219164334,0.4206221549432185,0.371599809497309,0.1302409835204641,0.1505787570651737,0.16845702431112217,0.20572592049010316,0.2262976326829877,-0.19391914709920693,0.04528580981497537,-0.03874001074260982,0.0058293720371077355,-0.01598187984641034,0.04983360391544364,0.02002310190939538,-0.010286248783081717,0.021490002226876855,0.03574324712128322,0.01964738002507208,0.2216865867355828,0.5071009671113867
RoofStyle,-0.11781652581320114,-0.00030067281482476244,0.15346678366405403,0.07705426705416418,-0.019731610028708067,-0.03387998476620404,0.0031822371641502018,-0.0042464495233401345,-0.012867962201873055,-0.010364092879100563,-0.027739319316104006,0.10993667639409174,0.002955732011452368,0.041437277481956324,-0.0543885687599105,-0.03262887628926835,0.1676766283789508,-0.010054089444800922,0.04893547350282022,0.02772850217783243,1.0,-0.011138802208760687,-0.035981712509859404,-0.06572535311190754,-0.08637033068879899,0.24858072329649722,-0.19314282368551852,0.026467423941427606,0.023238488577257386,-0.1279928898714387,-0.004359260686516299,-0.016773191327543336,-0.037096959454646104,0.18936812170392073,0.017977031413879952,0.01447093697480753,0.05054153361791876,0.25310272565591646,-0.038228284380752944,-0.015324372152091453,0.013227710938912115,0.029175738015565996,0.2979278294273203,-0.07293918033527008,-0.020340250855134585,0.15670654185236746,0.08576799361120131,0.0018461815013517296,0.02313007392095179,-0.01361822353600262,0.02314620879059825,0.004103011900528546,-0.11716561237802321,0.14586380725475653,-0.018299175803817815,0.12325973319748555,-0.005292981158864081,-0.060039536514226326,0.009284878061673024,-0.13450739663429775,0.1323481994625917,0.14186608913561902,0.03553486674978064,-0.008691620824952536,-0.00469845418541847,0.07910865208516266,0.005977610404354619,-0.014672636570127845,0.022445180110218368,0.06666682026003307,0.01992822552608409,-0.03512567403761022,0.026182345830825474,-0.11304388947098608,0.09680231202109979,0.009767432951559967,0.019384628087614427,-0.03294536030953636,0.06594577444990883,0.22240529240713802
RoofMatl,-0.03133648057732797,0.005132682228542435,0.08202638566707963,0.14983695048883497,0.008080966014661694,-0.021383096160721364,-0.07117442066860197,-0.02022941747345671,-0.003293382795409758,-0.06846480716750919,0.17867755039452607,-0.007352564863102177,0.009924037719269226,-0.003992825148321366,-0.038423561575983166,0.04535815025758303,0.07450935114801034,0.027461284550682044,-0.020963443925011673,-0.03326000343720831,-0.011138802208760687,1.0,-0.002759175265720503,-0.01336708828121899,-0.018355735910197766,0.034912669038525176,-0.017093969064071582,-0.03859950037912565,-0.027908659610692565,-0.020927964158244182,-0.020885534222325964,-0.080656841162884,-0.021708858296508867,0.043404026711160705,-0.019452434965091057,0.06523193620646459,-0.004071082950363672,0.06501125838278629,2.655026930069425e-05,0.061017405791327035,0.014640299803108178,0.011925205881765074,0.1503406123040069,0.012120180108288615,0.06562177737461722,0.12674378651944337,0.05117432474988769,0.07508979619528608,0.005902499611342022,0.033858196009922494,-0.017260332750980063,-0.031792217733764144,-0.040472997673550046,0.04718550390520216,-0.026186456585568174,0.08618775304245735,0.01452725470275664,-0.035690417923990206,-0.035455473955923605,-0.02700555357974507,0.04227561337674796,0.047563122845135114,-0.03448643645870985,-0.0418682767360145,0.0364489861530189,0.12055379343061888,0.04943994856692409,-0.02891769452111435,-0.004489585560098551,0.10101343479233033,0.06174597800726241,0.006254329729791808,-0.061975739717027585,0.004967128330731781,-0.011030852809560995,0.03452320732470383,-0.029056958499295855,0.011475002583240036,-0.04547535516148921,0.1323831119277861
Exterior1st,-0.08915854786290454,-0.008558494208014859,0.07444763718143127,0.004255677932039563,0.0025051200009042576,0.008286461860432538,-0.020462964009440303,-0.011808541829089594,-0.02968628920446592,0.023316326499071914,-0.04566030015869106,-0.07371758690098566,0.013145684427688114,-0.005375074122637516,-0.1121119622294755,-0.03644519749853169,0.16140584836204233,-0.041164725622270554,0.09725311326824848,0.23973969268821696,-0.035981712509859404,-0.002759175265720503,1.0,0.8541629837325929,0.030621611823334723,0.024347084764832633,-0.13874755192218544,0.01845014177184143,0.12293567887205441,-0.1612796965243871,-0.03728163967588344,-0.060856306351964644,0.13889964266092764,-0.06660379439297566,0.049397679708497205,-0.054683858284678574,0.13482488997348904,0.04644402239063206,-0.06616973045765662,-0.24705423213175945,0.030703317085926878,0.03238531940721245,0.0051383553781989165,0.07002049739689685,0.03961198845674631,0.0656131445048872,-0.009464315106892043,0.00047471041167410945,0.11619856177035422,-0.0064716817531244135,-0.0005758874528225293,-0.0889883716732,-0.12259938109634741,0.06669566101525311,0.028142436793977564,0.00729198811360916,-0.015936656938029575,-0.006807900672287346,0.17907664977638885,-0.09310456070285163,0.12458971231184532,0.10140045038063683,0.003900140483203992,0.032134038771707535,-0.0560351966466137,0.04575600896077276,0.08000659844442236,-0.023293983060041233,-0.037086342834700775,-0.04695192156221857,-0.0013663945016541268,-0.013614619039796364,0.03433030153880584,0.012657001751635396,-0.016337995648991945,-0.004962084510830804,-0.04018142425951027,0.011756636318627722,0.0625517758535933,0.1035510111909066
